0.000000000000000000e+00
-7.036009297779298576e-09
-1.407201859555859715e-08
-2.110802789333716285e-08
-2.814403719111719430e-08
-3.518004648889489973e-08
-4.221605578667432569e-08
-4.925206508445387738e-08
-5.628807438223438861e-08
-6.332408368001263666e-08
-7.036009297778979946e-08
-7.739610227557216357e-08
-8.443211157334865138e-08
-9.146812087113182282e-08
-9.850413016890775477e-08
-1.055401394666872337e-07
-1.125761487644687772e-07
-1.196121580622475150e-07
-1.266481673600252733e-07
-1.336841766578006759e-07
-1.407201859555795989e-07
-1.477561952533634718e-07
-1.547922045511443271e-07
-1.618282138489200738e-07
-1.688642231466973028e-07
-1.759002324444787934e-07
-1.829362417422636456e-07
-1.899722510400401335e-07
-1.970082603378155095e-07
-2.040442696355987736e-07
