0.000000000000000000e+00
-1.765193149102873244e-07
-3.530386298205746488e-07
-5.295579447310615288e-07
-7.060772596411492975e-07
-8.825965745512873588e-07
-1.059115889462123058e-06
-1.235635204371899012e-06
-1.412154519282298595e-06
-1.588673834192792410e-06
-1.765193149102574718e-06
-1.941712464013499884e-06
-2.118231778924246115e-06
-2.294751093835426874e-06
-2.471270408743798025e-06
-2.647789723654367649e-06
-2.824309038564597190e-06
-3.000828353474779297e-06
-3.177347668385584820e-06
-3.353866983295413291e-06
-3.530386298205149435e-06
-3.706905613115162559e-06
-3.883424928026999769e-06
-4.059944242935986712e-06
-4.236463557848492231e-06
-4.412982872756303492e-06
-4.589502187670853748e-06
-4.766021502578134767e-06
-4.942540817487596049e-06
-5.119060132398744621e-06
