-1.062014255419766966e-11 -5.310071277098958102e-11 -1.062014255419791620e-10
-1.763942593322971225e-09 -8.819712966616332229e-09 -1.763942593323266446e-08
-4.726579632731508616e-09 -2.363289816365162709e-08 -4.726579632730325417e-08
-9.863025336321772178e-09 -4.931512668162026605e-08 -9.863025336324053211e-08
-1.232163736247171688e-08 -6.160818681236024043e-08 -1.232163736247204809e-07
-1.317789802030565402e-08 -6.588949010151098864e-08 -1.317789802030219773e-07
-1.232163736096061341e-08 -6.160818680475215079e-08 -1.232163736095043016e-07
-9.863025333763717788e-09 -4.931512666881862699e-08 -9.863025333763725398e-08
-4.726579631160030061e-09 -2.363289815579078414e-08 -4.726579631158156828e-08
-1.763942592790468122e-09 -8.819712963947313214e-09 -1.763942592789462643e-08
-1.062014255317324363e-11 -5.310071276586839598e-11 -1.062014255317367920e-10
